function cmap = coolhotcmap;
cmap = [ ...        
         0    1.0000    1.0000
    0.0476    0.9524    1.0000
    0.0952    0.9048    1.0000
    0.1429    0.8571    1.0000
    0.1905    0.8095    1.0000
    0.2381    0.7619    1.0000
    0.2857    0.7143    1.0000
    0.3333    0.6667    1.0000
    0.3810    0.6190    1.0000
    0.4286    0.5714    1.0000
    0.4762    0.5238    1.0000
    0.5238    0.4762    1.0000
    0.5714    0.4286    1.0000
    0.6190    0.3810    1.0000
    0.6667    0.3333    1.0000
    0.7143    0.2857    1.0000
    0.7619    0.2381    1.0000
    0.8095    0.1905    1.0000
    0.8571    0.1429    1.0000
    0.9048    0.0952    1.0000
    0.9524    0.0476    1.0000
    1.0000         0    1.0000
    0.9129         0    0.9091
    0.8258         0    0.8182
    0.7386         0    0.7273
    0.6515         0    0.6364
    0.5644         0    0.5455
    0.4773         0    0.4545
    0.3902         0    0.3636
    0.3030         0    0.2727
    0.2159         0    0.1818
    0.1288         0    0.0909
    0.0417         0         0
    0.1250         0         0
    0.2083         0         0
    0.2917         0         0
    0.3750         0         0
    0.4583         0         0
    0.5417         0         0
    0.6250         0         0
    0.7083         0         0
    0.7917         0         0
    0.8750         0         0
    0.9583         0         0
    1.0000    0.0417         0
    1.0000    0.1250         0
    1.0000    0.2083         0
    1.0000    0.2917         0
    1.0000    0.3750         0
    1.0000    0.4583         0
    1.0000    0.5417         0
    1.0000    0.6250         0
    1.0000    0.7083         0
    1.0000    0.7917         0
    1.0000    0.8750         0
    1.0000    0.9583         0
    1.0000    1.0000    0.0625
    1.0000    1.0000    0.1875
    1.0000    1.0000    0.3125
    1.0000    1.0000    0.4375
    1.0000    1.0000    0.5625
    1.0000    1.0000    0.6875
    1.0000    1.0000    0.8125
    1.0000    1.0000    0.9375];
    