function cmap = blueredcmap;
cmap = [ ...
    1.0000         0         0;
    1.0000    0.0333    0.0333;
    1.0000    0.0667    0.0667;
    1.0000    0.1000    0.1000;
    1.0000    0.1333    0.1333;
    1.0000    0.1667    0.1667;
    1.0000    0.2000    0.2000;
    1.0000    0.2333    0.2333;
    1.0000    0.2667    0.2667;
    1.0000    0.3000    0.3000;
    1.0000    0.3333    0.3333;
    1.0000    0.3667    0.3667;
    1.0000    0.4000    0.4000;
    1.0000    0.4333    0.4333;
    1.0000    0.4667    0.4667;
    1.0000    0.5000    0.5000;
    1.0000    0.5333    0.5333;
    1.0000    0.5667    0.5667;
    1.0000    0.6000    0.6000;
    1.0000    0.6333    0.6333;
    1.0000    0.6667    0.6667;
    1.0000    0.7000    0.7000;
    1.0000    0.7333    0.7333;
    1.0000    0.7667    0.7667;
    1.0000    0.8000    0.8000;
    1.0000    0.8333    0.8333;
    1.0000    0.8667    0.8667;
    1.0000    0.9000    0.9000;
    1.0000    0.9333    0.9333;
    1.0000    0.9667    0.9667;
    1.0000    1.0000    1.0000;
    0.9697    0.9697    1.0000;
    0.9394    0.9394    1.0000;
    0.9091    0.9091    1.0000;
    0.8788    0.8788    1.0000;
    0.8485    0.8485    1.0000;
    0.8182    0.8182    1.0000;
    0.7879    0.7879    1.0000;
    0.7576    0.7576    1.0000;
    0.7273    0.7273    1.0000;
    0.6970    0.6970    1.0000;
    0.6667    0.6667    1.0000;
    0.6364    0.6364    1.0000;
    0.6061    0.6061    1.0000;
    0.5758    0.5758    1.0000;
    0.5455    0.5455    1.0000;
    0.5152    0.5152    1.0000;
    0.4848    0.4848    1.0000;
    0.4545    0.4545    1.0000;
    0.4242    0.4242    1.0000;
    0.3939    0.3939    1.0000;
    0.3636    0.3636    1.0000;
    0.3333    0.3333    1.0000;
    0.3030    0.3030    1.0000;
    0.2727    0.2727    1.0000;
    0.2424    0.2424    1.0000;
    0.2121    0.2121    1.0000;
    0.1818    0.1818    1.0000;
    0.1515    0.1515    1.0000;
    0.1212    0.1212    1.0000;
    0.0909    0.0909    1.0000;
    0.0606    0.0606    1.0000;
    0.0303    0.0303    1.0000;
         0         0    1.0000 ];        
