function cmap = yellowredbluecmap;
cmap = [ ...        
    0.9216    0.9216    0.7451;
    0.9216    0.9216    0.5961;
    0.9216    0.9216    0.4471;
    0.9216    0.9216    0.2980;
    0.9216    0.9216    0.1490;
    0.9216    0.9216         0;
    0.9216    0.8988    0.0573;
    0.9216    0.8761    0.1145;
    0.9216    0.8533    0.1718;
    0.9216    0.8306    0.2290;
    0.9216    0.8078    0.2863;
    0.9059    0.7765    0.2304;
    0.8902    0.7451    0.1745;
    0.8745    0.7137    0.1186;
    0.8588    0.6824    0.0627;
    0.8461    0.6392    0.0471;
    0.8333    0.5961    0.0314;
    0.8206    0.5529    0.0157;
    0.8078    0.5098         0;
    0.7843    0.4539    0.0833;
    0.7608    0.3980    0.1667;
    0.7373    0.3422    0.2500;
    0.7137    0.2863    0.3333;
    0.6824    0.2147    0.2980;
    0.6510    0.1431    0.2627;
    0.6196    0.0716    0.2275;
    0.5882         0    0.1922;
    0.4706         0    0.1537;
    0.3529         0    0.1153;
    0.2353         0    0.0769;
    0.1176         0    0.0384;
         0         0         0;
         0    0.0755    0.1275;
         0    0.1510    0.2549;
         0    0.2265    0.3824;
         0    0.3020    0.5098;
    0.0510    0.3020    0.5318;
    0.1020    0.3020    0.5537;
    0.1529    0.3020    0.5757;
    0.2039    0.3020    0.5976;
    0.2549    0.3020    0.6196;
    0.2424    0.3239    0.6416;
    0.2298    0.3459    0.6635;
    0.2173    0.3678    0.6855;
    0.2047    0.3898    0.7075;
    0.1922    0.4118    0.7294;
    0.2078    0.4345    0.7678;
    0.2235    0.4573    0.8063;
    0.2392    0.4800    0.8447;
    0.2549    0.5027    0.8831;
    0.2706    0.5255    0.9216;
    0.3051    0.5569    0.9216;
    0.3396    0.5882    0.9216;
    0.3741    0.6196    0.9216;
    0.4086    0.6510    0.9216;
    0.4431    0.6824    0.9216;
    0.4755    0.7137    0.9216;
    0.5078    0.7451    0.9216;
    0.5402    0.7765    0.9216;
    0.5725    0.8078    0.9216;
    0.6039    0.8206    0.9216;
    0.6353    0.8333    0.9216;
    0.6667    0.8461    0.9216;
    0.6980    0.8588    0.9216 ];

